Freq_00 = 1000000.000000 ; 
Irms_pri_00 = 1.000000 ; 
Irms_sec_00 = 0.000000 ; 
